163246
39943081
00499207
10000000
100064604
100079990
100122933
100180459
100186790
100206865
100269269
100285880
100466660
100581404
100752852
100760087
100906869
100921122
101091480
101159209
101199907
101391373
101448924
101553526
101652168
101705948
101751329
101773524
101780403
101804216
101988395
102047584
102118070
102138162
102206252
102316747
102457429
102534593
102575313
10259333
102648312
102766253
102841374
102914707
102957138
103073913
103088329
103116300
103264625
103277759
103286642
103297203
103311083
103325243
103342071
103466799
103523280
103523434
103524759
103584986
103603586
103622893
103682476
103717913
103832043
103834580
103880218
103884883
103916103
103959465
103961245
103961997
104189915
104217865
104264151
104268984
104287217
104289087
104363788
104494255
104497221
104521654
104530229
104569359
104618445
104689133
104749269
104827364
104836523
105060000
105121186
105253842
105313793
105542300
105655021
105776631
105855434
106302704
106309269
106398991
106559002
106674555
106725324
106830950
106832417
106905617
106996909
107003797
107025444
107033587
107122199
107155727
107192202
107326673
107414346
107454710
107494878
107556875
107582877
107638990
107679485
107701730
107739668
107784556
107849271
108015183
108025035
108084828
108104393
108115320
108122014
108154145
108175844
108215298
108250005
108254990
108298032
108384671
108413222
108438542
108462987
108470068
108631028
108631207
108689603
108756864
108762923
108808106
108846030
108894937
108925618
109061623
109072015
109089942
109095998
109167177
109213491
109278447
109301856
109328988
109382776
109395040
109430802
109432300
109460379
109480834
109488328
109497874
109754789
109779271
109779489
109793690
109866807
109965866
109968134
109992937
110051090
110060296
110066743
110072117
110149244
110149671
110182995
11019568
11037331
11044155
110469229
110488974
110547795
110697717
110708412
110774324
110897968
110904631
110925939
111101332
111150008
111162666
111170774
111225759
111361130
111414556
111437307
111453331
111574432
111714217
111767782
111798984
111889702
111946058
111966754
111976968
111998859
112141929
112166661
112203282
112243451
112330132
112383348
112406882
112431907
112469122
112473520
112491051
112538765
112542963
112552938
112553037
112573124
112626352
112638568
112646942
112692870
112694945
112705311
112731018
112817689
112910497
112924912
113021127
113035177
113053012
113059079
113128892
113161765
113174733
113177992
113180152
113229715
113294002
113294380
113313591
113321845
113324352
113476764
113487368
113510542
113514285
113548956
113550010
113593873
113626817
113674321
113728568
113729458
113731948
113763857
113782363
113790287
113892206
113990344
114036269
114053772
114056190
114067173
114073538
114081560
114223343
114269560
114284990
114291530
114314267
114318401
114335843
114358757
114372918
114419263
114423139
114435506
114445897
114447515
114447630
114453067
114512552
114527327
114547838
114703470
114732382
114899252
114981741
115021305
115030114
115059799
115082710
115107678
115147100
115263964
115294233
115299182
115305392
115329215
115331996
115333285
115365887
115367675
115435166
115454735
115496810
115584497
115591000
115642591
115660556
115697808
115724166
115726546
115790201
115896629
115897186
115897728
115897787
115926752
116002650
116004259
116026693
116029196
116085810
116102589
116114928
116135221
116179371
116190424
116263301
116271240
116298533
116302188
116313366
116342242
116346103
116418624
116421576
116452783
116457596
116458865
116478328
116509106
116556711
116576608
116646556
116685823
116698268
116699787
116730986
116741384
116750285
116810192
116812298
116828620
116858086
116897491
116960756
116969338
116980164
116980448
117073194
117098825
117129845
117132927
117173540
117179779
117183252
117189550
117197887
117212198
117219525
117243569
117245765
117253616
117302104
117325921
117329209
117343704
117358805
117379708
117387136
117434387
117468126
117500885
117553334
117571868
117590720
117612125
117624418
117630743
117670050
117716901
117717596
117725386
117735318
117737472
117755522
117770665
117778770
117802387
117825421
117826817
117833686
117838412
117853572
117856073
117926605
117945982
117948084
117948106
117949140
117953054
118005091
118008883
118009454
118025752
118026855
118062098
118072395
118121786
118145342
118151398
118175418
118183714
118192250
118194759
118207540
118220800
118236805
118261572
118267491
118269593
118298103
118301565
118324848
118330647
118336017
118397956
118400949
118424768
118439809
118466259
118471081
118503949
118524482
118531959
118612678
118631039
118651572
118653968
118656036
118659950
118686491
118699511
118716259
118735947
118800898
118803843
118815372
118832649
118835282
118838288
118845174
118863978
118866808
118923089
118926569
118971893
118981862
118991574
119011628
119019573
119038172
119039076
119043142
119073012
119133539
119135753
119147767
119160159
119171790
119185959
119188197
119199801
119216894
119223554
119227647
119232868
119232886
119242891
119249859
119282969
119288567
119290224
119309923
119322256
119322791
119343377
119344418
119350917
119369948
119374416
119377456
119396888
119397922
119399004
119422966
119425305
119433109
119448148
119462239
119477038
119493462
119494177
119550334
119579345
119611681
119640214
119657222
119663790
119672547
119672722
119716692
119732663
119778506
119785992
119843935
119870322
119882084
119900106
119943580
119949336
119964774
119974499
119990110
119992182
119994331
119999484
120006186
120023931
120027651
120034456
120039592
120069971
120095238
120095870
120102995
120150677
120152580
120152692
120158646
120178112
120188095
120210346
120217637
120223286
12023084
120251327
120254368
120259580
120289573
120291703
120292970
120295884
120298765
120302610
120304468
120308424
120327262
120334581
120338245
120354191
120354782
120383814
120385454
120388639
120389142
120393552
120419282
120436746
120438234
120446942
120463085
120465647
120469283
120487596
120491419
120496913
120503897
120504682
120507609
120532283
120548021
120568573
120569442
120569582
120574862
120590629
120598374
120615868
120640453
120645133
120647530
120662529
120667612
120669440
120674450
120675849
120679507
120685399
120693966
120703068
120708780
120711698
120716989
120722647
120726546
120738869
120787627
120789813
120790033
120817344
120820025
120839926
120860887
120863683
120870345
120881789
120924047
120928156
120931991
120942355
120952750
120955331
120961426
120966176
120967222
120975848
121019584
121025485
121048569
121051861
121066404
121082805
121086110
121090015
121096578
121143782
121155260
121164723
121187684
121191116
121210595
121212355
121236238
121251621
121268220
121271986
121278427
121305337
121309576
121327348
121328328
121333726
121338436
121349851
121357164
121360853
121364709
121372254
121393494
121404422
121423957
121425172
121431319
121434966
121438247
121445425
121446278
121458266
121465293
121474243
121474296
121518480
121522986
121543321
121552862
121575476
121577856
121582473
121583082
121592161
121597676
121604752
121626581
121636155
121639621
121641862
121647775
121647970
121648528
121651860
121661892
121677292
121695602
121700503
121712410
121736940
121761109
121766641
121770970
121791311
121797017
121800263
121802787
121818061
121827931
121828890
121835147
121838580
121858799
121863607
121894176
121900481
121913392
121915534
121916308
121917004
121920611
121930576
121939307
121940652
121955170
122005831
122006251
122006392
122012373
122034948
122074727
122075587
122079671
122080266
122085400
122087584
122104103
122108365
122110853
122134021
122134245
122138336
122162975
122172984
122174934
122189111
122195832
122197504
122213298
122222240
122229741
122231325
122253335
122256697
122257697
122263727
122267761
122267853
122285667
122286468
122287047
122290911
122293352
122294940
122295272
122299076
122312673
122342798
122342812
122343624
122349357
122353319
122366268
122366719
122373783
122393357
122396886
122398564
122399025
122410372
122428337
122430337
122431948
122459319
122461653
122467586
122469823
122472024
122478234
122490088
122494952
122498244
122504104
12251396
122533056
122545554
122548537
122555617
122582009
122584536
122584819
122589273
122591805
122603494
122617157
122633939
122641562
122650502
122651454
122662409
122672605
122672696
122678638
122679720
122684224
122697789
122698657
122703312
122705537
122708790
122711044
122723859
122732394
122744859
122755104
122762913
122764557
122768759
122771286
122799295
122818689
122821030
122821080
122822056
122829829
122838796
122848218
122850973
122851329
122883660
122890203
122907286
122941362
122942933
122949139
122951696
122951785
122952624
122972538
122987212
123007827
12302024
123021629
123029350
123030708
123036169
123036681
12304957
123059691
123060684
123063225
123063927
123065325
123069707
123088638
123094718
123133094
123151948
123164773
123178634
123179216
123179256
123183459
123194384
123199004
123221202
123229993
123231113
123235208
123242238
123243397
123245357
123247774
123262853
123269490
123287976
123297176
123307295
123329012
123329372
123329881
123333861
123359487
123360029
123361607
123362436
123409064
123413247
123421166
123426212
123443005
123445278
123447687
123483087
123486864
123488997
123492919
123498985
123501712
123511350
123514698
123520925
123524573
123524679
123548936
123572567
123581159
123592493
123603111
123605615
123605779
123610843
123622280
123633292
123634840
123636259
123639366
123640721
123651084
123658375
123660557
123661185
123664435
123670959
123678889
123683591
123683963
123693330
123695119
123698234
123705903
123705940
123729433
123729517
123750225
123761697
123763206
123763230
123767181
123767943
123790767
123810566
123830323
123839573
123855063
123855920
123869949
123870410
123887693
123888740
123892386
123894173
123895291
123895635
123903776
123927592
123928549
123928986
123938084
123938686
123961523
123992720
124001915
124003896
124019883
124020209
124021085
124023830
124026337
124027271
124039150
124051239
124051530
124073585
124075658
124081018
124087464
124102579
124103420
124104764
124105961
124106965
124107221
124128353
124131082
124141335
124143157
124144847
124158908
124173849
124180165
124180177
124204440
124215761
124230554
124231583
124232002
124235294
124236730
124260354
124262237
124268549
124292907
124294467
124298835
124314938
124315348
124316754
124320885
124324938
124339785
124344373
124347933
124352157
124382430
124384036
124385540
124413748
124420689
124425545
124431242
124446536
124449546
124451692
124455123
124474041
124482414
124483322
124503306
124506935
124512494
124526726
124526968
124530243
124540264
124541715
124547374
124548003
124556514
124558311
124562054
124563772
124564954
124570064
124572225
124593647
124604643
124610699
124618940
124624511
124632781
124633528
124635277
124635678
124641666
124648584
124649296
124655346
124661851
124668253
124676905
124678471
124686218
124688850
124709126
124709756
124716431
124716793
124718133
124720175
124732752
124743640
124745946
124746522
124748453
124761670
124767825
124769515
124773278
124776948
124780312
124782402
124784164
124807446
124808551
124813750
124836444
124837378
124843604
124843780
124863880
124869859
124871097
124881449
124891183
124892929
124893385
124894267
124895619
124896055
124898209
124928101
124929403
124929611
124947576
124949463
124956437
124960162
124980319
124983056
124984576
124995206
125011563
125017224
125022088
125030216
125040897
125042098
125052898
125060678
125068308
125069121
125070328
125072339
125093309
125096550
125100309
125103328
125104464
125104948
125113994
125123092
125125022
125126346
125132262
125145068
125148291
125151985
125152092
125154959
125158194
125164776
125167789
125175344
125186804
125186998
125187315
125188286
125192458
125196139
125206697
125209053
125222589
125225549
125246492
125253943
125255168
125274666
125296363
125303260
125304075
125314124
125333871
125334179
125334660
125344252
125351514
125354771
125358511
125360662
125360835
125363325
125369162
125388708
125392462
125394249
125413959
125418452
125424245
125443135
125452056
125459677
125465038
125478810
125482048
125482664
125487836
125491605
125492769
125498308
125498993
125536403
125545170
125565672
125571670
125583843
125591708
125598494
125601121
125601873
125613814
125615936
125626489
125636885
125640027
125641094
125671439
125672119
125675847
125698209
125699299
125702039
125727066
125740738
125763242
125792042
125794277
125801384
125834906
125837459
125846667
125861069
125884155
125894366
125894444
125897461
125905341
125905384
125907321
125908383
125931910
125934519
125940798
125940969
125953984
125961587
125977029
125981037
126001743
126002180
126021095
126023341
126030447
126033577
126053027
126054382
126081722
126088161
126107762
126116055
126118675
126129798
126132544
126147827
126151935
126153121
126187172
126191143
126198446
126215055
126215108
126226434
126229354
126230757
126256641
126272742
126298565
126309368
126311447
126313467
126314701
126316916
126324878
126331355
126335823
126345295
126348242
126356632
126370590
126405474
126411294
126433095
126468690
126469516
126471165
126475958
126492665
126523961
126526181
126526468
126527952
126557828
126568430
126590288
126594848
126626761
126630454
126634561
126655012
126656581
126669095
126670506
126672915
126691924
126693630
126700273
126719629
126721513
126723344
126785264
126785566
126787195
126790171
126826617
126838087
126844098
126847849
126861454
126871130
126872334
126893542
126899637
126905068
126927293
126929303
126936250
126950717
126954335
126958668
126968530
126973580
126992190
126993702
127025572
127026132
127026181
127028203
127035853
127036054
127038044
127052620
127061542
127070730
127073583
127098366
127127107
127128633
127135164
127141263
127141301
127144924
127161908
127165465
127167226
127168399
127170368
127175686
127176124
127198137
127230324
127235838
127242311
127246313
127247368
127255860
127264993
127268643
127278544
127290823
127315929
127319850
127322746
127325420
127367546
127381693
127382616
127385156
127389303
127409237
127424750
127425694
127427222
127443003
127444862
127453543
127471648
127473086
127474258
127483197
127503355
127520431
127526189
127526287
127526405
127526786
127541247
127552246
127572223
127578582
127581368
127585735
127588353
127589289
127591238
127592575
127597700
127600247
127622652
127627716
127658740
127659160
127662927
127664803
127681955
127684731
127685674
127691855
127702707
127706432
127707100
127712434
127721043
127722947
127725247
127726766
127732896
127736665
127742553
127745303
127751423
127753294
127758731
127760117
127760675
127761814
127763089
127764634
127766908
127790904
127796845
127804465
127804595
127822338
127829437
127838003
127862158
127875167
127876989
127893161
127893982
127904041
127915475
127924571
127929712
127943206
127952377
127953238
127959982
127961909
127964654
127972453
127972678
127982560
127991775
127998648
128003620
128011379
128031588
128049199
128050999
128070149
128073483
128077661
128077877
128079510
128100428
128104897
128107610
128108974
128121496
128130883
128135677
128139045
128139585
128165832
128165915
128166198
128173899
128203354
128203473
128207537
128214408
128218121
128236130
128238403
128238975
128241057
128243980
128250922
128256952
128287377
128288416
128289662
128298986
128306733
128308044
128316284
128323757
128331963
128335836
128345310
128346825
128348613
128357520
128357523
128367156
128373881
128380499
128382447
128383849
128387018
128390744
128392578
128417049
128424596
128426080
128427901
128442823
128446472
128449295
128450583
128452470
128453361
128455406
128460005
128460348
128465712
128484733
128488870
128489972
128490505
128490607
128492226
128494510
128495459
128499196
128502183
128503265
128505510
128505946
128508150
128522201
128524317
128525696
128530757
128531475
128546066
128552519
128565822
128566713
128571461
128579058
128590145
128597751
128601278
128603038
128613769
128626423
128638130
128640355
128641570
128663224
128688077
128700200
128709106
128721045
128722277
128733008
128740739
128741668
128756625
128781869
128783334
128787581
128788561
128791097
128810960
128820333
128823833
128845559
128848551
128854743
128856764
128875644
128891230
128892724
128916716
128917989
128922627
128945944
128947670
128947923
128960134
128976126
128988244
128994386
128997406
128997668
129018335
129018422
129018625
129031025
129032697
129033559
129037015
129037793
129049660
129050486
129069568
129073054
129078200
129078923
129080142
129080875
129088519
129093739
129098309
129110058
129130528
129136004
129138179
129138294
129141773
129170655
129173361
129191903
129206702
129208187
129209149
129215685
129217197
129231134
129232142
129232754
129233797
129236090
129240196
129252966
129253861
129254364
129256841
129260012
129289202
129300097
129300400
129304848
129308626
129316789
129317070
129318450
129319236
129331552
129334386
129342339
129364813
129380435
129382021
129387170
129400413
129404620
129412392
129412921
129413462
129417287
129439276
129444219
129444373
129447961
129448558
129463250
129474907
129476316
129479489
129487273
129487473
129488850
129500618
129502481
129502748
129507301
129508608
129513423
129517487
129523161
129524492
129526296
129543005
129543561
129551340
129556830
129566066
129566826
129573831
129587083
129590114
129623047
129626545
129627875
129631055
129631846
129642460
129646351
129664450
129672698
129687492
129691858
129703447
129723439
129724434
129732886
129735422
129735457
129735498
129750525
129750769
129763043
129763239
129767160
129768158
129771451
129786500
129795908
129801760
129808582
129811885
129834764
129844699
129848648
129861493
129865725
129868422
129869324
129870172
129875470
129883063
129890987
129891016
129893827
129896086
129906782
129910751
129916976
129917923
129918227
129919954
129924161
129943782
129948261
129956256
129959996
129976396
129979935
129986743
129993846
129994144
129994395
130000738
130023597
130031228
130036740
130041146
130041374
130064582
130071236
130073846
130074937
130075276
130076807
130076862
130079177
130079241
130080327
130081143
130086126
130088068
130098653
130099033
130108488
130115649
130116608
130122529
130148549
130148972
130149805
130153510
130158609
130170815
130172753
130179524
130185112
130187243
130189574
130203354
130205957
130212964
130216235
130220458
130223437
130232755
130249486
130252394
130253651
130254705
130257439
130258393
130260551
130261533
130264938
130267140
130267487
130301065
130323243
130338455
130338632
130340667
130344601
130347147
130357264
130357809
130360467
130364197
130368753
130370750
130371018
130371105
130385672
130392411
130398673
130401131
130401213
130404298
130406513
130408503
130420873
130426687
130427248
130432027
130435318
130438230
130440345
130446516
130446518
130452533
130466312
130466905
130470616
130474252
130474343
130475079
130476712
130482100
130487871
130497236
130508369
130510158
130516277
130521084
130541202
130541353
130550393
130553137
130553282
130563320
130564184
130564501
130569493
130569906
130585765
130586597
130587588
130588868
130615719
130621184
130621391
130624318
130624766
130624836
130629379
130632414
130652786
130655612
130656250
130656265
130662586
130665795
130667071
130683054
130684504
130685541
130694594
130702031
130709115
130725760
130727075
130727150
130728706
130736148
130757046
130758589
130759022
130762455
130763467
130765809
130770538
130771933
130772035
130773021
130774141
130775422
130775631
130781333
130793529
130800758
130801787
130806056
130806535
130815113
130821031
130841724
130845038
130853703
130869088
130871346
130873939
130887082
130887592
130902021
130902802
130907557
130908223
130909653
130909781
130913450
130913996
130919572
130923925
130929173
130942245
130950410
130951969
130952555
130979212
130983354
130985933
130991439
130995430
131009539
131015778
131021513
131026658
131028441
131028501
131031140
131031851
131033813
131035355
131035646
131037559
131039798
131060954
131062667
131063767
131069607
131071612
131073889
131076661
131082253
131108104
131109058
131143490
131149813
131170200
131170447
131175646
131178639
131184655
131185098
131202596
131210534
131211627
131213461
131214549
131237211
131240773
131244882
131248782
131251449
131252248
131256233
131262124
131265035
131275505
131283233
131283631
131286021
131286173
131296794
131298655
131298675
131326553
131327796
131337015
131362508
131367417
131368972
131375224
131385699
131388209
131398253
131400745
131402459
131404982
131408838
131409702
131410486
131414148
131418624
131442568
131443048
131445820
131445892
131445948
131451363
131452698
131470025
131470246
131473831
131476161
131478500
131482756
131491224
131496761
131499332
131504185
131508252
131510494
131512035
131512219
131515079
131519218
131527785
131552849
131554067
131555207
131570271
131586730
131597270
131599981
131603825
131609995
131627483
131639922
131645103
131649424
131652030
131658384
131658472
131660895
131666241
131668332
131669723
131670588
131674850
131676171
131677193
131677828
131678613
131681428
131689626
131705420
131712486
131715542
131716108
131733061
131738642
131741752
131742437
131756859
131768799
131770113
131778113
131782270
131785169
131790665
131795008
131802696
131811211
131818899
131822011
131824449
131825112
131839466
131847657
131854160
131858293
131864903
131869341
131872778
131877099
131887662
131894162
131898977
131899656
131900456
131908144
131930433
131940737
131954780
131963781
131965660
131966956
131967028
131974433
131974463
131974701
131987025
131988832
131998503
131999183
131999579
132007463
132011000
132019832
132030148
132040653
132043153
132046661
132049710
132051772
132058558
132062159
132068039
132069603
132075959
132076082
132084806
132084828
132119057
132121321
132125900
132128738
132131287
132153408
132170311
132194914
132196316
132199198
132204195
132207062
132207330
132233265
132233374
132234655
132239831
132239937
132240011
132240796
132243340
132244617
132248326
132255296
132265172
132265364
132266526
132270126
132279168
132292930
132294606
132295186
132298136
132307314
132308208
132311068
132324228
132328088
132340551
132340602
132344931
132352731
132353126
132354543
132355617
132361273
132376009
132379655
132388683
132393837
132396071
132400396
132401957
132419442
132427900
132429302
132430293
132431152
132457091
132459770
132460228
132461380
132463400
132464545
132467947
132470605
132474733
132475687
132477293
132493373
132498127
132513051
132531249
132535899
132536000
132539243
132543502
132548441
132558596
132561279
132572547
132577112
132588692
132598554
132602036
132610536
132611422
132614384
132652635
132654829
132656593
132662531
132667147
132668524
132671970
132672501
132682480
132697278
132700847
132700972
132702740
132703301
132704845
132722338
132724925
132731336
132732740
132763182
132764867
132767741
132776596
132798091
132801943
132803952
132805857
132816252
132826398
132827319
132840742
132841424
132849228
132855389
132861242
132869757
132871023
132872546
132873526
132874059
132878694
132887577
132903553
132906092
132906265
132908616
132912291
132913568
132915927
132925952
132927570
132933574
132953234
132964900
132971481
132979428
132997807
133027710
133028903
133032075
133032819
133040534
133062827
133064227
133073058
133075478
133086864
133094442
133115489
133119822
133121378
133137516
133141460
133143570
133151034
133165040
133190422
133216497
133217436
133218490
133219564
133224204
133256555
133257330
133259983
133263141
133265731
133265799
133274124
133283122
133299732
133301337
133314154
133332100
133335002
133336208
133354569
133360117
133360571
133362476
133365485
133366961
133370444
133370547
133376579
133377845
133392752
133393513
133400273
133416401
133419127
133426275
133429818
133461166
133462893
133465271
133475741
133478067
133484152
133492842
133492904
133524601
133528217
133530904
133534955
133538375
133539506
133556613
133560189
133562393
133566925
133569310
133571707
133595793
133598459
133603298
133612487
133620892
133632291
133634693
133637858
133646489
133650085
133671351
133674791
133676004
133679111
133687420
133690944
133695940
133716424
133718400
133719061
133720467
133720495
133723834
133731052
133750431
133752142
133752832
133760952
133762330
133767246
133779341
133787481
133796850
133798508
133805447
133817652
133825472
133835392
133838410
133840643
133851236
133854330
133861808
133885115
133885190
133889486
133890683
133891605
133892848
133916024
133916391
133924903
133929989
133936733
133940809
133952357
133953577
133956214
133957393
133967199
133968923
133974001
133974173
133976899
133996148
134003236
134004078
134004748
134005405
134007965
134015260
134040623
134041505
134043669
134044868
134047222
134048921
134051731
134053560
134054527
134055115
134088025
134109245
134117471
134120163
134123338
134125167
134129211
134145638
134149010
134155997
134162080
134170355
134192240
134194873
134196543
134201432
134205331
134213456
134218675
134225151
134231648
134234711
134235796
134241572
134242402
134248557
134250960
134271938
134276971
134279318
134282278
134282539
134288259
134293529
134294758
134296696
134312174
134314857
134315021
134323156
134328357
134336459
134343213
134346199
134347030
134349910
134354016
134358189
134360135
134363930
134379868
134384804
134387709
134390233
134393048
134401983
134403888
134411425
134422920
134430847
134433018
134439816
134445755
134446769
134460489
134462209
134464005
134466332
134472955
134477181
134504515
134506240
134506253
134510298
134512881
134513632
134514547
134519160
134520982
134550320
134550829
134553730
134554479
134556653
134568941
134572506
134575963
134591202
134594797
134600198
134604092
134605128
134607497
134608094
134608484
134610467
134623355
134630437
134631736
134639228
134641175
134645898
134674605
134681922
134682661
134686740
134692891
134697776
134704852
134705826
134710235
134713792
134715238
134715284
134724041
134742113
134745422
134747361
134751702
134775767
134776640
134779873
134794864
134819355
134836704
134837842
134839682
134844348
134856979
134862201
134864180
134864250
134874194
134895398
134898580
134904791
134917948
134932354
134936410
134938722
134946646
134950161
134950226
134972521
134977984
134979087
134984447
134986181
134986283
135000705
135003498
135007691
135009930
135015457
135016512
135021035
135021528
135022107
135022757
135028656
135041985
135049859
135052248
135056300
135059678
135089936
135091633
135095181
135106068
135108251
135130355
135132813
135138893
135139270
135145052
135145113
135148603
135151915
135153322
135156019
135156436
135160271
135182449
135183875
135190986
135196337
135198562
135213941
135218308
135224860
135229415
135238261
135243015
135248125
135253554
135255965
135256357
135256431
135261197
135264343
135265210
135267931
135273826
135278351
135280453
135280859
135281920
135285904
135286711
135287584
135289486
135291087
135291882
135297239
135301477
135315119
135316564
135326647
135339994
135379562
135380385
135397559
135406818
135407318
135411892
135415782
135416912
135417075
135419157
135419276
135419987
135422489
135422583
135422626
135422823
135423609
135423779
135428707
135433864
135440767
135444673
135449244
135449474
135464247
135481410
135488889
135490151
135493249
135497562
135500724
135500745
135503415
135522935
135531261
135536031
135555622
135558400
135559627
135560689
135561608
135570899
135583347
135596681
135605784
135606103
135606446
135616426
135617264
135629091
135631361
135633750
135635620
135643098
135645126
135650245
135650381
135654763
135656175
135661325
135664668
135665249
135674479
135676965
135683477
135697529
135709037
135709808
135715560
135717209
135720760
135721549
135722984
135724291
135726329
135730168
135746858
135751791
135754298
135754397
135756076
135758846
135761941
135765484
135767794
135768771
135770526
135783696
135791098
135791945
135797589
135799937
135800148
135800890
135803799
135804258
135805067
135810447
135815555
135816997
135824035
135826713
135832166
135836075
135838106
135838939
135840095
135864144
135864434
135865052
135873615
135877507
135883104
135898825
135899992
135910091
135911342
135913117
135915824
135919310
135922510
135923102
135928962
135930466
135930760
135932250
135933121
135939814
135942771
135945186
135955628
135958059
135961024
135962705
135970422
135985869
135987909
135989119
135990982
135994005
135994905
135995187
135996863
136003936
136023620
136025981
136030543
136030614
136033630
136034663
136035170
136037615
136039014
136044027
136057533
136057760
136058138
136059345
136063238
136067525
136070539
136075281
136076099
136076339
136076699
136077051
136078295
136079291
136082328
136084475
136085124
136090903
136093651
136103571
136104037
136105944
136109636
136111070
136116336
136117487
136123027
136134841
136142481
136147900
136149034
136150874
136155520
136164856
136191014
136200853
136201150
136205088
136208023
136214137
136224818
136226278
136228532
136234484
136235056
136238321
136241771
136248093
136249863
136251691
136256688
136276795
136276814
136277504
136278889
136280037
136284080
136284612
136286457
136298115
136312924
136314669
136317129
136317582
136318334
136320036
136331140
136337160
136345163
136347238
136353546
136353719
136356865
136357699
136358485
136383991
136388885
136390802
136393631
136394284
136394424
136394805
136398612
136398788
136399228
136401187
136402389
136403805
136416057
136418369
136419292
136420390
136420592
136424340
136424702
136428245
136430801
136430947
136433947
136435453
136436012
136436240
136439431
136441582
136452250
136458172
136464856
136464905
136465800
136466785
136467472
136472947
136473417
136477864
136478081
136479933
136481033
136484340
136488460
136493681
136504403
136509775
136512433
136514692
136516554
136519896
136524053
136536959
136539802
136550354
136550534
136552593
136553013
136556969
136557138
136577021
136581804
136586891
136586942
136612871
136614305
136614862
136621299
136623371
136625635
136633667
136638448
136639662
136641177
136645702
136645803
136648236
136661811
136668809
136674486
136682892
136683193
136691016
136691037
136691986
136692098
136695924
136697332
136697532
136698115
136701785
136703383
136704398
136704557
136716889
136722392
136724131
136726511
136726607
136726831
136726857
136729143
136729272
136729426
136733371
136733416
136739258
136740047
136743534
136748946
136758231
136761365
136764757
136765455
136773072
136773703
136773882
136775116
136785081
136798372
136798644
136799432
136802281
136802771
136804608
136804884
136805168
136807247
136807756
136810462
136814979
136815024
136819812
136827915
136835660
136837493
136840687
136846626
136850078
136850118
136851746
136856280
136858489
136866211
136868835
136881925
136891909
136894210
136897397
136914902
136924318
136927868
136927881
136934059
136936349
136936940
136937238
136938097
136940896
136944132
136948710
136951600
136955662
136956823
136960941
136964922
136971373
136983689
136998753
137001823
137008738
137013350
137014091
137014650
137016154
137027745
137038376
137045357
137048536
137051366
137056450
137057047
137057164
137057343
137057632
137061981
137072924
137078980
137091028
137091577
137092831
137093175
137095342
137096168
137100032
137104434
137105885
137121998
137122791
137124442
137125416
137129940
137133362
137133393
137133430
137133838
137138582
137139511
137160020
137169675
137175970
137180404
137193167
137195946
137196456
137200173
137201317
137202503
137202573
137202799
137209169
137215712
137229118
137233702
137234404
137237972
137242033
137242596
137243224
137248230
137250599
137251613
137275082
137277412
137280458
137283354
137285354
137286504
137288806
137304654
137307723
137309548
137318719
137326729
137332517
137337632
137340158
137350553
137352044
137353585
137355300
137355386
137363970
137365512
137369201
137377968
137394256
137394844
137403065
137405044
137405319
137405907
137406046
137411779
137417823
137423993
137425161
137429408
137429461
137435014
137453463
137466419
137470271
137475380
137475662
137494195
137501754
137502466
137503566
137504573
137506027
137506162
137507454
137511544
137515278
137516496
137530301
137531201
137533174
137543684
137546189
137568335
137579134
137582814
137584787
137585497
137585562
137591198
137594979
137601927
137611931
137615653
137615719
137622561
13762733
137634444
137651205
137659736
137661194
137661802
137662502
137665721
137667125
137671223
137683920
137683947
137688348
137701642
137705623
137705855
137722943
137724386
137726456
137732997
137737080
137737631
137738426
137740573
137742951
137746866
137748011
137753186
137754036
137760987
137764109
137772958
137776727
137776882
137787968
137812595
137820406
137825536
137830210
137830280
137836800
137845266
137845913
137851356
137858803
137859726
137861749
137863530
137881254
137890050
137890479
137912733
137915503
137920450
137922379
137925945
137926881
137928642
137930304
137953747
137958284
137960277
137960371
137963411
137989808
138001314
138025337
138025756
138026189
138040058
138078842
138080547
138083268
138084397
138089390
138092568
138109391
138115259
138118080
138131648
138134143
138138009
138147154
138151876
138153455
138156245
138162269
138163807
138181169
138183297
138188137
138190504
138190951
138194652
138197315
138198433
138199170
138229628
138233529
138233547
138238277
138239979
138253858
138256182
138256808
138260459
138272449
138279311
138291232
138291666
138292117
138293687
138293754
138297411
138297539
138302314
138303505
138304007
138305020
138308067
138310370
138324831
138333899
138337905
138341756
138348691
138349089
138350989
138351727
138353014
138356175
138356322
138361379
138366361
138372954
138373011
138373879
138375892
138385258
138385736
138387361
138390807
138393750
138394212
138395249
138395339
138401846
138406913
138407868
138410773
138423518
138428500
138429432
138432063
138433018
138438055
138451526
138454909
138455656
138458339
138460065
138468486
138473135
138475160
138484096
138486909
138487589
138491808
138497429
138507601
138516362
138516891
138521804
138525333
138526103
138544183
138550508
138556642
138558053
138561720
138561891
138569314
138569773
138581756
138586224
138594183
138607373
138616469
138617769
138632898
138636216
138636350
138673744
138684824
138685889
138687793
138692460
138713037
138721800
138745245
138756063
138759778
138759930
138760817
138769742
138779264
138781478
138782262
138783603
138786024
138797204
138800586
138803686
138814340
138815042
138829382
138833209
138835503
138838651
138849352
138870099
138883481
138883517
138883621
138883814
138888617
138901355
138906291
138909972
138922882
138926586
138948894
138950229
138953388
138956563
138960136
138967855
138979500
138989283
138995098
138996408
139008322
139009110
139009650
139012946
139017020
139057328
139065539
139088084
139096141
139096427
139097813
139108196
139108716
139143942
139146059
139167773
139180955
139194236
139213507
139236415
139239882
139249537
139251318
139266954
139279060
139281943
139299005
139311452
139360968
139379095
139386972
139391622
139411430
139420107
139423140
139424693
139425211
139426936
139427447
139458715
139460141
139472863
139487631
139492530
139495800
139498608
139498998
139519736
139521885
139523882
139524267
139524856
139529461
139534874
139535457
139560086
139568068
139568943
139604879
139612032
139615331
139631211
139636491
139642375
139658911
139663867
139666210
139670835
139678050
139703549
139706631
139712364
139714517
139720588
139720630
139721744
139725909
139726086
139731602
139740884
139742157
139759097
139759162
139766298
139766661
139773586
139776683
139803251
139803803
139805071
139805164
139806573
139806820
139813894
139824743
139826181
139832495
139842468
139850023
139855226
139864075
139867309
139874692
139885739
139893371
139903732
139905015
139919962
139926070
139926450
139927339
139929928
139930531
139932098
139934022
139944066
139962739
139967658
139973544
139975577
139977492
139978979
139984491
139991751
140005905
140008182
140013708
140015591
140016827
140017171
140035021
140041510
140044955
140045597
140046066
140048069
140049308
140049993
140060115
140060732
140060748
140062578
140062828
140063469
140065413
140070499
140074270
140077911
140083401
140084615
140091771
140098697
140112033
140112316
140116786
140117130
140136847
140143016
140144444
140145659
140145914
140148580
140148861
140157152
140160918
140164353
140167639
140171441
140176279
140178338
140184235
140188029
140199918
140205508
140207780
140208531
140208872
140210251
140216021
140223072
140232690
140236625
140244499
140250464
140251125
140253064
140254112
140254268
140257885
140258152
140258689
140275227
140279577
140280670
140283768
140288315
140314296
140314800
140320295
140321261
140324016
140324804
140336921
140341614
140356578
140359547
140363879
140365934
140371005
140375387
140376257
140377161
140383109
140385643
140385845
140404114
140404449
140411589
140411979
140411984
140419368
140422797
140440571
140441601
140442062
140443745
140455336
140472429
140476440
140478328
140489412
140493472
140495154
140508475
140511861
140515425
140515809
140517080
140523339
140529302
140539470
140542381
140549424
140550720
140550809
140552186
140552227
140552404
140552613
140554567
140556951
140569324
140572468
140575637
140579076
140594542
140597050
140598425
140610411
140612163
140612384
140614072
140616459
140621984
140629828
140630257
140632233
140647214
140651561
140655829
140658659
140660012
140662157
140664078
140664487
140666797
140681839
140692313
140694207
140695940
140722286
140723382
140724955
140728161
140728515
140733969
140736122
140740504
140745833
140747736
140749410
140763368
140764606
140765077
140768010
140769484
140770042
140772566
140772809
140778595
140812169
140815092
140817082
140817130
140837538
140841408
140841872
140842400
140848700
140848790
140850942
140851132
140852109
140878155
140884082
140888539
140894104
140894265
140896347
140897027
140899097
140899817
140909895
140917758
140919908
140929807
140933961
140936825
140937498
140939365
140944471
140945022
140945971
140952331
140966565
140971123
140982261
140995388
141003832
141006518
141008348
141010536
141016165
141016842
141021943
141025266
141033530
141038446
141042881
141046023
141053433
141056886
141057773
141059081
141059122
141060437
141062589
141079295
141088489
141089506
141095052
141100321
141103221
141110660
141114202
141119988
141146638
141163548
141169055
141169583
141184702
141186016
141187813
141190719
141204299
141212915
141221697
141223299
141223435
141223635
141226760
141228467
141229327
141231527
141233132
141234933
141235603
141236257
141258716
141265328
141266194
141271074
141271976
141273885
141279814
141279940
141296370
141298133
141304348
141306141
141309553
141311450
141314627
141323984
141327060
141327918
141335203
141335402
141335569
141350712
141351701
141352792
141357678
141369783
141372017
141374506
141379221
141403889
141407089
141407926
141410997
141421391
141421432
141427719
141436201
141443809
141447435
141451136
141454854
141457510
141459241
141463436
141469733
141477080
141483963
141494774
141500289
141510541
141510771
141510914
141510980
141519204
141522358
141523585
141531358
141537216
141538563
141540368
141543830
141543908
141550096
141551216
141551644
141552308
141552939
141554721
141556211
141558745
141561560
141563395
141573751
141579749
141581249
141584277
141585326
141588533
141588568
141589007
141591093
141594712
141595336
141595432
141600614
141610026
141623776
141631365
141632983
141634134
141634764
141645189
141645649
141647359
141657230
141657524
141657953
141670147
141670258
141671800
141672690
141676958
141678775
141688124
141690477
141693197
141708881
141716675
141718521
141729813
141733633
141738791
141745343
141745700
141748104
141748528
141753123
141753427
141753776
141771191
141783557
141783790
141790128
141800416
141802024
141802671
141815136
141825798
141830208
141830572
141833225
141838024
141839000
141844859
141853567
141856741
141858549
141861705
141866236
141867021
141870161
141873781
141874339
141875379
141879126
141884409
141885505
141903790
141906216
141906523
141909402
141910833
141914881
141917311
141920490
141928201
141932093
141936989
141939067
141942096
141942170
141942181
141944639
141945211
141946176
141947972
141950361
141955710
141961187
141970107
141971722
141971908
141972547
141973294
141976199
141978439
141982909
141983959
141984049
141985312
141987430
141987996
141988041
141995898
141998090
142004393
142006619
142009073
142012634
142013880
142015170
142019471
142022856
142029956
142031410
142033233
142033379
142038266
142048723
142051513
142057417
142058728
142063496
142065924
142066203
142066442
142070398
142073024
142077040
142077971
142078238
142078446
142080217
142083187
142087572
142093409
142098205
142100349
142103680
142104101
142111655
142112709
142122575
142136549
142136651
142139558
142151196
142151423
142151859
142152065
142152288
142155484
142159041
142162200
142165028
142173920
142174442
142176398
142177647
142177920
142181422
142182289
142187598
142188520
142188590
142191338
142193320
142195774
142203601
142207991
142209483
142210212
142212403
142214258
142215019
142217457
142217781
142219925
142220130
142224758
142234968
142240492
142244265
142244650
142244819
142246497
142252181
142253745
142254068
142255454
142256318
142258359
142259041
142259291
142260877
142264430
142264902
142265573
142265792
142270528
142271140
142276183
142276647
142280895
142283064
142283899
142288730
142288732
142291714
142295913
142296578
142298808
142301617
142305970
142309500
142309868
142312239
142317355
142324125
142326868
142326925
142329916
142333159
142334218
142334454
142337027
142338123
142338367
142338389
142339102
142340049
142340531
142341648
142342192
142342630
142344372
142344520
142349915
142349923
142350172
142350951
142362963
142370380
142371028
142372620
142373200
142374827
142375277
142376007
142376526
142377323
142380407
142381973
142382554
142383885
142384591
142387721
142388141
142388198
142388810
142393461
142401353
142404754
142408350
142411338
142411417
142412741
142415029
142415819
142416588
142420617
142420724
142423267
142425791
142426054
142430232
142433018
142439226
142443087
142449370
142451752
142453002
142455302
142455458
142455705
142460740
142460864
142464207
142472196
142484753
142485462
142491496
142496152
142498270
142502333
142504373
142513167
142517728
142526019
142528527
142528674
142531628
142536861
142538180
142538470
142542101
142542545
142545487
142546055
142550220
142550907
142564576
142564899
142571317
142572919
142575091
142578738
142580691
142587013
142587652
142590575
142596793
142612560
142613294
142614933
142620584
142622444
142624102
142627096
142630222
142633028
142634993
142636659
142638596
142652849
142652861
142653303
142656512
142665213
142666284
142667556
142667930
142671656
142676025
142676868
142685875
142686176
142691158
142696689
142699594
142700489
142703070
142703128
142704132
142705717
142705875
142709327
142709979
142713525
142728384
142730075
142730592
142732618
142734340
142736507
142736728
142744714
142745902
142752175
142754354
142761333
142769446
142769882
142770369
142775557
142776442
142782017
142782560
142782626
142785906
142786590
142789172
142792133
142797614
142798302
142805090
142805950
142808082
142820024
142820141
142822453
142836712
142837645
142848121
142850812
142850864
142850933
142851529
142853528
142862374
142872304
142874535
142882217
142882684
142885573
142891111
142892035
142898189
142900974
142903032
142907015
142907879
142910307
142912018
142932229
142940223
142942718
142943716
142946582
142954857
142957109
142968542
142969755
142971971
142982831
142983012
142986075
142988973
142995520
142997197
143000792
143002097
143004022
143019704
143023569
143029644
143031427
143046839
143053995
143055636
143056294
143064663
143069424
143074042
143085275
143086000
143094031
143096297
143098770
143099275
143102352
143110847
143112650
143114421
143124639
143125805
143132400
143134941
143137986
143146688
143147881
143147978
143151235
143152647
143153965
143161898
143165846
143167265
143174528
143181271
143183363
143185993
143196139
143198748
143201498
143215136
143223404
143227508
143228432
143231061
143232274
143233178
143237946
143238788
143240414
143241634
143246340
143249071
143257157
143260872
143263959
143273705
143274060
143283226
143297987
143302769
143305395
143315046
143318286
143325874
143338383
143341018
143345954
143347216
143350480
143355496
143356579
143379422
143382576
143388659
143404413
143410376
143411784
143414604
143416991
143419841
143425371
143430945
143432681
143436861
143437131
143437309
143437455
143438849
143439741
143442246
143442430
143444580
143452023
143452668
143454758
143455311
143458983
143464059
143468557
143477853
143478018
143478457
143485447
143485720
143486088
143487789
143493433
143503597
143508895
143509155
143511115
143511186
143517481
143523481
143533553
143535144
143543381
143548330
143549163
143549436
143552374
143553889
143555028
143555501
143556380
143562841
143563100
143568599
143579054
143586511
143586792
143587196
143593845
143597738
143603164
143604296
143613088
143615664
143621892
143628437
143628649
143631711
143636615
143637981
143642213
143650490
143651725
143653915
143654440
143659052
143662888
143664450
143664977
143669462
143678756
143680818
143681756
143689854
143694447
143697731
143705109
143708230
143711246
143711281
143717064
143735173
143752395
143753734
143768909
143769585
143770697
143777056
143779749
143786094
143788535
143790043
143801237
143804345
143805362
143824410
143824789
143826068
143830196
143830986
143835510
143836912
143841063
143841575
143847354
143854905
143857458
143861112
143863892
143878453
143883485
143884226
143885794
143887528
143889939
143890272
143891994
143894252
143898537
143899735
143926945
143943642
143948270
143948334
143991154
143995002
143999992
144001895
144002110
144005227
144006484
144007304
144007876
144014782
144025366
144027667
144029177
144029262
144030129
144031419
144037864
144038054
144044883
144065474
144066561
144068340
144097585
144099167
144103429
144105839
144112092
144123366
144126510
144128146
144143304
144146016
144147900
144151302
144170151
144176262
144193711
144196194
144198159
144203980
144214291
144220918
144222858
144227014
144229636
144234738
144246252
144247301
144269904
144293191
144294946
144299547
144305051
144320425
144325401
144327477
144332555
144345890
144348050
144360797
144363887
144365658
144365710
144370416
144371418
144379416
144383215
144394271
144405203
144406804
144410463
144414822
144417041
144456196
144462506
144468304
144468904
144476054
144479662
144490373
144490928
144491654
144492976
144501155
144508274
144515618
144523770
144524747
144534655
149297229
15421722
16396506
16658699
16679661
17542525
20140624
20200507
20200627
20220614
20220904
20221021
20230709
20230908
20230926
20231103
20240220
20240309
20240416
20240920
20250221
20250324
20250328
20250330
20250406
20250423
20250716
20250908
20251203
20260313
20703638
21560748
21923038
21950482
21954045
21971914
22654833
26149011
28191019
28238559
28382082
28573913
28706841
28825656
29535589
29914540
30956048
33079560
33813406
34646322
36737976
38199606
39128535
40301722
43758405
44967215
44968193
45088166
45242491
45508441
45870888
47519271
47837935
48773329
52151296
52442111
54024488
54080253
55117629
56754726
57763465
58170013
59856965
60286037
60492326
60706914
61861872
61942443
63042186
63543713
63609921
63659076
63853349
64978253
65337697
65885668
66117330
66136677
66522727
66547000
66604480
66770148
66791606
67395747
67416166
67925292
67954276
68323229
68366063
68905024
69297178
69567875
69886294
70014036
70043019
70198711
70217757
70231916
70388687
70805176
70893863
70965980
71108236
71350810
71376026
71841028
71852166
71909316
72139650
72209121
72395664
72502350
72687913
72747037
72810288
73224649
73944002
73963084
74189839
74334708
74487934
74941323
74948702
75096496
75239613
75607314
75814228
75942882
75980993
75996324
76095176
76172408
76368447
76660453
76749531
76825930
76851002
77122344
77174127
77441618
77829536
77919185
78361538
78620923
78921980
78938972
78967920
79011573
79036322
79046958
79084629
79174889
79184707
79213632
79239516
79270076
79379865
79444105
79494954
79500192
79754045
80005589
80268344
80352347
80374305
80437022
80521718
80633656
80653867
80808738
80914655
80978208
81030477
81070283
81085361
81098563
81260318
81265887
81300169
81351708
81499638
81642731
81644518
81744664
81752634
81889140
81935821
81947857
82073629
82088101
82135701
82233753
82257139
82272613
82279993
82337272
82392719
82410726
82415491
82551745
82584528
82601554
82696466
82778218
82870723
82881584
82927386
82986155
82989771
83127145
83145392
83173174
83216349
83253666
83295966
83401959
83427937
83431298
83467996
83496270
83504413
83514667
83535310
83538757
83564642
83708230
83733100
83804314
83955556
84036113
84044931
84064271
84070046
84075983
84089912
84116588
84130853
84150773
84158614
84178669
84180941
84310426
84315843
84329997
84400571
84601507
84679665
84719431
84740755
84760892
84803457
84829675
84860138
84863697
84960262
84996062
84998181
85027220
85038705
85039238
85176447
85327303
85363976
85437899
85525379
85527700
85651190
85672575
85672624
85737436
85738884
85756097
85826001
85843150
85868943
85972430
86029033
86050311
86093920
86120908
86121503
86208819
86219849
86222380
86231284
86231805
86232663
86236822
86261637
86274734
86314937
86354912
86355887
86379209
86428786
86483899
86488060
86496864
86569260
86591277
86608128
86625454
86634701
86636950
86662201
86672549
86679874
86682135
86685285
86724632
86757196
86772400
86772459
86834578
86882252
86898776
86937308
86951723
86955452
86967048
86976981
87094733
87095305
87097703
87098378
87103808
87123544
87127385
87139141
87165786
87168245
87195332
87214921
87221906
87222985
87263560
87300754
87329532
87380038
87384402
87530478
87538954
87585367
87615140
87662852
87732904
87743485
87762693
87773688
87786072
87788185
87885536
87925571
87981992
87989250
88030404
88084441
88115754
88124399
88189291
88234103
88268451
88293641
88296169
88359988
88367652
88424469
88454190
88462429
88474952
88481065
88530779
88542379
88563343
88608849
88647702
88752930
88798856
88801787
88843301
88865501
88879772
88881033
88944508
88956349
88968557
89004510
89036326
89101722
89145706
89210816
89214632
89234056
89245190
89245572
89250640
89253828
89257175
89260708
89287304
89299883
89306445
89319737
89351726
89369405
89373196
89388196
89425376
89427417
89429511
89432441
89471029
89475611
89484546
89497865
89530295
89530316
89552015
89587706
89634446
89688301
89705164
89786283
89798687
89868348
89915004
89986614
90000671
90141891
90276673
90294363
90427298
90470711
90472714
90501730
90594120
90668603
90792912
90878541
90882368
91003483
91182381
91203089
91238371
91264804
91347313
91417007
91427751
91586185
91611092
91711531
91746616
91883834
91942894
92074413
92122691
92137648
92229578
92294239
92310444
92660990
92689578
92698657
92710482
92930340
93037268
93072195
93109660
93118083
93139670
93228633
93412993
93464676
93527218
93537233
93600176
93659465
93697880
93906669
93922546
94028250
94232876
94240819
94309305
94536280
94650137
94654259
94801008
94820710
94923201
94978024
95030522
95066772
95090927
95131562
95297636
95299872
95353303
95371123
95478920
95631851
95639037
95776055
95776143
95789572
95838958
95926644
95957423
95981823
96023042
96083937
96233375
96409541
96479272
96620793
96659171
96699713
96962321
97009015
97163576
97412719
97481303
97756247
97766972
97973537
98038276
98058689
98096103
98096306
98107976
98303173
98322314
98346892
98347018
98486307
98492288
98560386
98876172
98897359
98983578
99000664
99035539
99093431
99098198
99414131
99720831
99873290
99938191
99965615
